Vertices
+1.0 +1.0 +1.0
+1.0 -1.0 +1.0
-1.0 -1.0 +1.0
-1.0 +1.0 +1.0

+1.0 +1.0 +1.0
-1.0 +1.0 +1.0
-1.0 +1.0 -1.0
+1.0 +1.0 -1.0

+1.0 +1.0 +1.0
+1.0 +1.0 -1.0
+1.0 -1.0 -1.0
+1.0 -1.0 +1.0

+1.0 +1.0 -1.0
-1.0 +1.0 -1.0
-1.0 -1.0 -1.0
+1.0 -1.0 -1.0

+1.0 -1.0 +1.0
+1.0 -1.0 -1.0
-1.0 -1.0 -1.0
-1.0 -1.0 +1.0

-1.0 +1.0 +1.0
-1.0 -1.0 +1.0
-1.0 -1.0 -1.0
-1.0 +1.0 -1.0

Normals
+0.0 +0.0 +1.0
+0.0 +0.0 +1.0
+0.0 +0.0 +1.0
+0.0 +0.0 +1.0

+0.0 +1.0 +0.0
+0.0 +1.0 +0.0
+0.0 +1.0 +0.0
+0.0 +1.0 +0.0

+1.0 +0.0 +0.0
+1.0 +0.0 +0.0
+1.0 +0.0 +0.0
+1.0 +0.0 +0.0

+0.0 +0.0 -1.0
+0.0 +0.0 -1.0
+0.0 +0.0 -1.0
+0.0 +0.0 -1.0

+0.0 -1.0 +0.0
+0.0 -1.0 +0.0
+0.0 -1.0 +0.0
+0.0 -1.0 +0.0

-1.0 +0.0 +0.0
-1.0 +0.0 +0.0
-1.0 +0.0 +0.0
-1.0 +0.0 +0.0